1670447136203777280.000000000 0.001528483 0.022673991 0.000355329 -0.721441150 0.004075502 0.007123632 0.692427218
1670447136469210368.000000000 -0.010300041 0.280617446 0.002289534 -0.718440771 0.004598342 0.006717938 0.695540488
1670447136735829760.000000000 -0.022614757 0.542576790 0.000977397 -0.718068004 0.005266262 0.004806348 0.695936441
1670447137003431936.000000000 -0.031516969 0.807655632 0.000082076 -0.719916821 0.006367810 0.005199033 0.694011688
1670447137271053056.000000000 -0.041605815 1.067102194 -0.000027061 -0.717982471 0.008544319 0.005316392 0.695988417
1670447137538692352.000000000 -0.051684596 1.319317222 0.004405379 -0.713875353 0.008578510 0.003814928 0.700209856
1670447137804872960.000000000 -0.059410568 1.589341998 0.000562906 -0.719822764 0.009365589 0.003681339 0.694085062
1670447138070239232.000000000 -0.069439016 1.844702363 0.004244089 -0.715073466 0.011579642 0.003031100 0.698946834
1670447138335514880.000000000 -0.075628608 2.107620716 0.005924225 -0.715074837 0.014453943 0.004225290 0.698885679
1670447138600699392.000000000 -0.086215056 2.369113445 0.003297091 -0.716982603 0.014682068 0.001233211 0.696935415
1670447138734026496.000000000 -0.089950964 2.498960257 0.003738642 -0.718677640 0.015558922 0.000055817 0.695169330
1670447138901170176.000000000 -0.094967932 2.654425144 0.006255150 -0.714367032 0.015432866 -0.001729647 0.699598908
1670447139034887168.000000000 -0.094760060 2.785156965 0.005342245 -0.716566205 0.017380727 -0.002218340 0.697298944
1670447139202034944.000000000 -0.097938970 2.945487022 0.007249355 -0.714551032 0.018169932 -0.003786158 0.699337065
1670447139436047872.000000000 -0.098495476 3.172631264 0.008056641 -0.713878155 0.020427033 -0.002514639 0.699967504
1670447139536339968.000000000 -0.098508291 3.271068811 0.008550882 -0.713943899 0.021680189 -0.002277703 0.699863553
1670447139670065152.000000000 -0.097204693 3.402915955 0.007979870 -0.716049373 0.023379941 -0.001993420 0.697655141
1670447139837015040.000000000 -0.098945335 3.568768501 0.009392500 -0.716599941 0.023420509 -0.005452462 0.697069764
1670447140004041984.000000000 -0.099131532 3.729230642 0.014263630 -0.713715255 0.023661127 -0.006454615 0.700006425
1670447140137662464.000000000 -0.097928718 3.859181166 0.015154362 -0.712412775 0.025106696 -0.007787265 0.701268196
1670447140271281152.000000000 -0.095817178 3.991487741 0.016537666 -0.713050842 0.026382728 -0.007694538 0.700573504
1670447140371494656.000000000 -0.096752226 4.089846134 0.020118237 -0.711407840 0.026704805 -0.009275794 0.702210546
1670447140505111296.000000000 -0.102970138 4.228445530 0.022415161 -0.711663783 0.018110136 -0.000690660 0.702286482
1670447140638726400.000000000 -0.115153641 4.365576744 0.026260376 -0.709833205 0.005507725 0.009122758 0.704289198
1670447140738936320.000000000 -0.122449905 4.469729900 0.026315212 -0.711323678 0.002121942 0.011446325 0.702768266
1670447140872172544.000000000 -0.131732106 4.604241848 0.026592731 -0.713115990 0.001133853 0.011974166 0.700942874
1670447141004682240.000000000 -0.139407516 4.734059811 0.027801991 -0.713391483 0.001767411 0.012376202 0.700654209
1670447141137162752.000000000 -0.148850843 4.865181446 0.029227734 -0.714607656 0.001334876 0.010388188 0.699447036
1670447141236504064.000000000 -0.153832957 4.963617802 0.032207966 -0.714554727 0.001770168 0.011119315 0.699489057
1670447141633703424.000000000 -0.171559215 5.352597713 0.041254044 -0.710510373 0.005050767 0.012422758 0.703559041
1670447141799100928.000000000 -0.181147009 5.524178982 0.041038036 -0.714047968 0.004305305 0.011304822 0.699992239
1670447141997891840.000000000 -0.192503870 5.723646164 0.044236183 -0.714055538 0.005185319 0.010936433 0.699984431
1670447142196616960.000000000 -0.202919483 5.920218468 0.048546791 -0.713402748 0.005395069 0.009602031 0.700667679
1670447142428379648.000000000 -0.218117729 6.154176712 0.051915169 -0.714528263 0.003034547 0.005365508 0.699579418
1670447142593869568.000000000 -0.225707307 6.317592144 0.051876545 -0.714055061 0.003427369 0.005392592 0.700060427
1670447142759314176.000000000 -0.235327110 6.483968258 0.053053856 -0.716044307 0.003324487 0.003351646 0.698038876
1670447142959374592.000000000 -0.244056806 6.676612854 0.058006763 -0.711647928 0.003697232 0.003454414 0.702518046
1670447143093436672.000000000 -0.247513041 6.807404041 0.060776234 -0.710747182 0.004756586 0.005261383 0.703411818
1670447143227506944.000000000 -0.252310336 6.942382336 0.060858250 -0.713563323 0.005597930 0.005770016 0.700544596
1670447143395105024.000000000 -0.256736398 7.110282898 0.059246540 -0.718262374 0.008422235 0.006615983 0.695690036
1670447143529193728.000000000 -0.264012277 7.242358208 0.060245991 -0.718335509 0.007776195 0.005555527 0.695631206
1670447143696815872.000000000 -0.270920396 7.402812004 0.062726498 -0.716196299 0.006881802 0.005623857 0.697842300
1670447143864501248.000000000 -0.279626489 7.567912579 0.063344479 -0.716018796 0.006601524 0.004002299 0.698038280
1670447144063861760.000000000 -0.284710765 7.762872219 0.065404892 -0.714692295 0.008592436 0.004986192 0.699368417
1670447144229982464.000000000 -0.291813016 7.926056385 0.066357613 -0.715314209 0.008493265 0.004475303 0.698737025
1670447144362869760.000000000 -0.295372248 8.060916901 0.063606262 -0.718635619 0.009741796 0.006009179 0.695292592
1670447144562185216.000000000 -0.299708515 8.251553535 0.065780640 -0.716993511 0.013117424 0.003946446 0.696945250
1670447144794697216.000000000 -0.298757076 8.474378586 0.064598083 -0.716599464 0.023352610 -0.007828040 0.697049916
1670447144961470976.000000000 -0.293473661 8.633275986 0.063277245 -0.716691434 0.031269662 -0.014813823 0.696531534
1670447145129673984.000000000 -0.286627740 8.785313606 0.066512108 -0.712853730 0.038279604 -0.024909886 0.699824095
1670447145297930496.000000000 -0.271070868 8.944332123 0.065809250 -0.714696944 0.048623517 -0.032530904 0.696983337
1670447145499906048.000000000 -0.249977112 9.133923531 0.064553261 -0.714770377 0.057431418 -0.041730341 0.695746720
1670447145701956864.000000000 -0.220483184 9.321413040 0.062747002 -0.714444816 0.067440815 -0.049577698 0.694667101
1670447145937644544.000000000 -0.177782655 9.541503906 0.060793877 -0.714332461 0.080322556 -0.060633443 0.692532301
1670447146104239872.000000000 -0.146470666 9.701841354 0.059749603 -0.715170562 0.086247213 -0.066357590 0.690426767
1670447146237527296.000000000 -0.122327328 9.826671600 0.059792519 -0.712756217 0.087660335 -0.066776201 0.692701340
1670447146437476864.000000000 -0.085264206 10.020263672 0.058083534 -0.712731838 0.089487217 -0.067552596 0.692417562
1670447146670779392.000000000 -0.041971564 10.246204376 0.057573318 -0.711049736 0.090911865 -0.069517247 0.693765581
1670447146904140032.000000000 0.006471395 10.480502129 0.057582855 -0.713134289 0.093428478 -0.068906851 0.691348255
1670447147070509824.000000000 0.035468102 10.642693520 0.058510780 -0.711815417 0.094123267 -0.070492119 0.692452550
1670447147336698880.000000000 0.090680361 10.908320427 0.056014061 -0.714870989 0.096205279 -0.071128391 0.688944697
1670447147602883072.000000000 0.135591626 11.191233635 0.055745125 -0.715939939 0.089364648 -0.068943225 0.688978076
1670447147835790848.000000000 0.167533875 11.438141823 0.059814453 -0.714794993 0.079234377 -0.062644079 0.692001283
1670447147969042688.000000000 0.184137642 11.574166298 0.065474510 -0.711350739 0.075074062 -0.056343101 0.696541071
1670447148202701824.000000000 0.206769705 11.830125809 0.062428474 -0.715329945 0.065027438 -0.048425902 0.694067359
1670447148369636352.000000000 0.221849978 12.006853104 0.063249588 -0.714660048 0.059725739 -0.044440392 0.695499063
1670447148569993728.000000000 0.239765882 12.215268135 0.064989090 -0.715275764 0.056115903 -0.037761390 0.695561409
1670447148770392064.000000000 0.256640464 12.435385704 0.065389633 -0.716961205 0.052257568 -0.030609859 0.694477320
1670447148970760704.000000000 0.266566485 12.649568558 0.069807053 -0.717327535 0.048325226 -0.026017170 0.694571078
1670447149137936640.000000000 0.271224141 12.821456909 0.074632645 -0.713665307 0.043492720 -0.021961851 0.698790312
1670447149305259264.000000000 0.274256289 12.999650002 0.074563026 -0.714575946 0.037906963 -0.018776476 0.698277712
1670447149506058752.000000000 0.281300664 13.224630356 0.065848351 -0.722303331 0.034426127 -0.010994965 0.690631509
1670447149673400832.000000000 0.276696324 13.394141197 0.068024635 -0.717390656 0.029925011 -0.006219157 0.696000338
1670447149874224640.000000000 0.272466689 13.603365898 0.075818062 -0.714464068 0.024215037 -0.001539069 0.699251294
1670447150107816960.000000000 0.263440996 13.844641685 0.083384514 -0.711379170 0.018832089 0.003061610 0.702549398
1670447150273672960.000000000 0.260621041 14.019477844 0.082622528 -0.714126825 0.017924378 0.003796092 0.699776530
1670447150472652800.000000000 0.250360012 14.225385666 0.087189674 -0.714682162 0.015392396 0.002333162 0.699276090
1670447150671579904.000000000 0.243686587 14.430717468 0.089168549 -0.715709507 0.015425310 0.002158471 0.698224366
1670447150936733952.000000000 0.238259614 14.697091103 0.091104507 -0.714762926 0.014867631 0.000529594 0.699208617
1670447151102519296.000000000 0.228974342 14.866033554 0.092590332 -0.714801550 0.013818355 0.000151215 0.699190795
1670447151268370176.000000000 0.224822298 15.037913322 0.094022751 -0.716340184 0.014293186 0.000078949 0.697604835
1670447151798845184.000000000 0.210491091 15.575873375 0.096717834 -0.715620518 0.016438037 0.000616737 0.698295593
1670447152197827328.000000000 0.202952579 15.978466988 0.103385925 -0.713925779 0.018380824 0.000698460 0.699979782
1670447152465354240.000000000 0.196972549 16.255773544 0.103057861 -0.716130733 0.018268889 0.002598692 0.697722197
1670447152699449600.000000000 0.193801001 16.482742310 0.107959747 -0.712352335 0.019860383 0.001620166 0.701539159
1670447152866664448.000000000 0.188649580 16.652618408 0.108930588 -0.713434935 0.019114254 0.000521021 0.700460553
1670447153067328256.000000000 0.186421722 16.848628998 0.114440918 -0.711573720 0.020159295 -0.001090713 0.702321351
1670447153300566784.000000000 0.182164297 17.085805893 0.115636826 -0.712651193 0.020902835 -0.003830559 0.701196611
1670447153467011328.000000000 0.180620715 17.252656937 0.119079590 -0.713257551 0.021931123 -0.004295932 0.700545669
1670447153666746880.000000000 0.180377617 17.451448441 0.124183655 -0.711756825 0.023120543 -0.004913596 0.702028155
1670447153833194752.000000000 0.180520743 17.621074677 0.124202728 -0.713397443 0.024065547 -0.005773989 0.700322568
1670447154066222592.000000000 0.178541362 17.869365692 0.121913910 -0.717916906 0.024415284 -0.007059290 0.695664704
1670447154265465856.000000000 0.178424641 18.067695618 0.127191544 -0.715975881 0.024954619 -0.006853447 0.697645187
1670447154464458496.000000000 0.181578234 18.266971588 0.128023148 -0.715896904 0.026669808 -0.006370133 0.697667360
1670447154630245120.000000000 0.181028128 18.437946320 0.127458572 -0.716179013 0.025761267 -0.007646199 0.697399199
1670447154862282240.000000000 0.178790331 18.675933838 0.127916336 -0.716982067 0.024860803 -0.009216107 0.696587205
1670447155127490304.000000000 0.180553645 18.944063187 0.130138397 -0.716168582 0.025235932 -0.011057585 0.697383285
1670447155294051840.000000000 0.183274254 19.108745575 0.133081436 -0.715590119 0.025862921 -0.010544302 0.697961807
1670447155527247360.000000000 0.185436442 19.346309662 0.130577087 -0.716591418 0.026220154 -0.010986314 0.696913600
1670447155760456448.000000000 0.187030762 19.590770721 0.128566742 -0.721173048 0.026394291 -0.011988590 0.692148209
1670447155927040512.000000000 0.188088089 19.755956650 0.132499695 -0.718274057 0.026690373 -0.012892690 0.695128620
1670447156193913344.000000000 0.194497854 20.026105881 0.131725311 -0.716294348 0.028593699 -0.012217781 0.697105110
1670447156463759360.000000000 0.194825172 20.302185059 0.130640030 -0.720334649 0.024081292 -0.008486565 0.693156600
1670447156733788928.000000000 0.190845996 20.564142227 0.133413315 -0.714846373 0.022240952 -0.009387605 0.698864758
1670447156902651136.000000000 0.190981179 20.731109619 0.130380630 -0.715224028 0.027251460 -0.017606197 0.698141873
1670447157173049088.000000000 0.206586540 21.005344391 0.131221771 -0.717827559 0.035262618 -0.030054156 0.694677532
1670447157372161024.000000000 0.212413073 21.215749741 0.127059937 -0.720808566 0.030588483 -0.023390099 0.692063749
1670447157538048768.000000000 0.214324206 21.389232635 0.129541397 -0.719820380 0.024222564 -0.015411827 0.693566501
1670447157836560896.000000000 0.202749461 21.720750809 0.131858826 -0.715267956 0.011110493 0.000245244 0.698761940
1670447158068658688.000000000 0.189201355 21.971332550 0.132627487 -0.716803491 0.003482543 0.015341444 0.697097778
1670447158300851712.000000000 0.166773558 22.222654343 0.130786896 -0.718443334 -0.003005664 0.024755379 0.695138335
1670447158533103104.000000000 0.145902216 22.459207535 0.137985229 -0.713630974 -0.004030957 0.026209448 0.700019777
1670447158732122368.000000000 0.134761930 22.660247803 0.143150330 -0.711299598 0.000834647 0.024088472 0.702475607
1670447158931090944.000000000 0.121497273 22.863744736 0.145137787 -0.713885844 0.003335766 0.019437687 0.699984312
1670447159229932544.000000000 0.095861733 23.166164398 0.148166656 -0.714446068 0.000986814 0.015334053 0.699521840
1670447159497160704.000000000 0.079840273 23.436733246 0.152345657 -0.714679837 0.002820370 0.014812230 0.699289203
1670447159697636608.000000000 0.067127794 23.638011932 0.157346725 -0.711621463 0.002073897 0.013803297 0.702424467
1670447159931585024.000000000 0.059547901 23.878267288 0.156423569 -0.717576921 0.005477712 0.014827929 0.696299851
1670447160265859328.000000000 0.034255594 24.206382751 0.160081863 -0.715534985 0.001845521 0.010613202 0.698493838
1670447160500281344.000000000 0.021149546 24.445970535 0.158868790 -0.717364848 0.002704697 0.011081342 0.696604311
1670447160734729728.000000000 0.011951059 24.671047211 0.160747528 -0.713318646 0.005767884 0.011143514 0.700727642
1670447160902211072.000000000 0.000105202 24.843410492 0.156126022 -0.718456030 0.004578114 0.009412893 0.695493639
1670447161136707328.000000000 -0.005528957 25.074628830 0.152759552 -0.720589161 0.006447760 0.011735491 0.693233013
1670447161370936320.000000000 -0.019014686 25.296066284 0.155195236 -0.716232777 0.006493705 0.010263395 0.697755814
1670447161573087488.000000000 -0.028945059 25.491228104 0.154750824 -0.715265930 0.005730836 0.008726411 0.698774397
1670447161809071616.000000000 -0.031877860 25.716999054 0.155532837 -0.715261817 0.011545427 0.003732519 0.698751271
1670447161977725952.000000000 -0.030318160 25.874797821 0.157142639 -0.714621246 0.015305448 -0.000512981 0.699344039
1670447162180213504.000000000 -0.022871286 26.059772491 0.158403397 -0.713942230 0.024996301 -0.010678416 0.699676812
1670447162382277120.000000000 0.005109668 26.230510712 0.163095474 -0.711179733 0.052681040 -0.034270190 0.700195432
1670447162583035392.000000000 0.045182228 26.400686264 0.164434433 -0.711427867 0.080353849 -0.058959257 0.695656121
1670447162783933696.000000000 0.091073275 26.578510284 0.163358688 -0.712613702 0.093300253 -0.069885522 0.691804051
1670447162984849664.000000000 0.131598234 26.762258530 0.163103104 -0.710785270 0.096076176 -0.072367035 0.693048835
1670447163185783552.000000000 0.172042370 26.951152802 0.164075851 -0.709489346 0.097190574 -0.074181855 0.694028735
1670447163353241600.000000000 0.205629587 27.117967606 0.160619736 -0.712578714 0.096704058 -0.075846232 0.690743983
1670447163620770048.000000000 0.262417555 27.377002716 0.161098480 -0.711898625 0.097615771 -0.077139139 0.691173673
1670447163788044032.000000000 0.298156738 27.541147232 0.161970139 -0.711450577 0.099232823 -0.077209875 0.691396832
1670447164022237952.000000000 0.347009420 27.781925201 0.159442902 -0.712552309 0.096399650 -0.075203203 0.690884054
1670447164222986496.000000000 0.378918648 27.998779297 0.153997421 -0.716430187 0.084039204 -0.063198335 0.689689219
1670447164423745280.000000000 0.389044344 28.228551865 0.146862030 -0.720904171 0.057296909 -0.030648869 0.689981878
1670447164590611200.000000000 0.363052070 28.428884506 0.145599365 -0.715348244 0.022258207 -0.002343093 0.698409617
1670447164822610688.000000000 0.304507256 28.739971161 0.147081375 -0.717370570 -0.028711909 0.043170948 0.694759965
1670447165021402624.000000000 0.242916346 29.018667221 0.161102295 -0.713957608 -0.071020581 0.081953309 0.691740036
1670447165253251584.000000000 0.130957603 29.305242538 0.179904938 -0.700336456 -0.122239672 0.139224127 0.689349651
1670447165451913472.000000000 0.008585930 29.526199341 0.186336517 -0.692883968 -0.165031970 0.178827211 0.678746700
1670447165584713728.000000000 -0.091233253 29.662345886 0.180170059 -0.688568830 -0.193945691 0.205380946 0.667889774
1670447165752272128.000000000 -0.220961571 29.805456161 0.180812836 -0.672240078 -0.229421794 0.242453560 0.660814047
1670447165953795072.000000000 -0.395319939 29.961671829 0.191896439 -0.656114519 -0.270347267 0.281943560 0.645704329
1670447166188990976.000000000 -0.630361557 30.105207443 0.202756882 -0.632758915 -0.318349957 0.326266289 0.625955105
1670447166390661120.000000000 -0.841163635 30.202175140 0.209842682 -0.611321747 -0.358102322 0.365365088 0.603785396
1670447166491520768.000000000 -0.952129364 30.238933563 0.209264755 -0.598417461 -0.379095137 0.382962853 0.592893660
1670447166659475968.000000000 -1.141572952 30.273796082 0.225894928 -0.577597618 -0.411576569 0.410290748 0.573277712
1670447166758917632.000000000 -1.262302399 30.288825989 0.230304718 -0.562731147 -0.428323567 0.428722620 0.562200606
1670447166825203968.000000000 -1.346725464 30.293231964 0.236911774 -0.553405344 -0.441687793 0.439351439 0.552833378
1670447166990891264.000000000 -1.552545547 30.297113419 0.263973236 -0.526361108 -0.471541792 0.467975557 0.530651689
1670447167123410688.000000000 -1.725780487 30.286029816 0.280082703 -0.503613055 -0.495369494 0.490553111 0.510235786
1670447167189660416.000000000 -1.828374863 30.278076172 0.295352936 -0.490905136 -0.508234799 0.501374006 0.499333203
1670447167255903232.000000000 -1.926429749 30.269207001 0.309697151 -0.477994621 -0.517497063 0.515452206 0.487880170
1670447167355255040.000000000 -2.055837631 30.245456696 0.328274727 -0.459922373 -0.533379555 0.531003773 0.471182197
1670447167487701248.000000000 -2.223903656 30.206968307 0.348493576 -0.434564352 -0.552412093 0.551967144 0.448694766
1670447167553914368.000000000 -2.326736450 30.182617188 0.362110138 -0.421158314 -0.565213501 0.560347199 0.434937268
1670447167587018752.000000000 -2.391609192 30.170299530 0.376087189 -0.413589090 -0.571531236 0.564899206 0.428001344
1670447167686397696.000000000 -2.521541595 30.118291855 0.387575626 -0.397146732 -0.586539030 0.577602506 0.405736297
1670447167785846016.000000000 -2.645111084 30.067256927 0.403215408 -0.376396328 -0.601892352 0.589839578 0.384890437
1670447167818991360.000000000 -2.704856873 30.049613953 0.418503284 -0.368493021 -0.607330739 0.593876481 0.377720803
1670447167951558656.000000000 -2.843467712 29.967727661 0.433417201 -0.340799719 -0.621971488 0.611322403 0.351129472
1670447168017832448.000000000 -2.925792694 29.923065186 0.449424267 -0.326385409 -0.630204380 0.617987633 0.338240027
1670447168084099584.000000000 -3.005107880 29.874656677 0.465058804 -0.312227607 -0.639323413 0.623734176 0.323628217
1670447168117231104.000000000 -3.059705734 29.852895737 0.479963779 -0.303901941 -0.642980397 0.628539383 0.314893752
1670447168183488512.000000000 -3.133687973 29.804143906 0.495919228 -0.287580103 -0.649535179 0.636179209 0.301127464
1670447168249739264.000000000 -3.202270508 29.754976273 0.513408661 -0.268314034 -0.655481279 0.645573556 0.285633802
1670447168349102336.000000000 -3.286180496 29.669677734 0.531281471 -0.244670421 -0.665017426 0.654101908 0.264648646
1670447168415336448.000000000 -3.332244873 29.607954025 0.539977074 -0.226995066 -0.671102464 0.660878778 0.247656882
1670447168481564160.000000000 -3.364309311 29.542629242 0.540084839 -0.209056646 -0.676452219 0.667287350 0.231160805
1670447168580893440.000000000 -3.402782440 29.437959671 0.541141510 -0.180430427 -0.687298656 0.672921360 0.205529243
1670447168647197184.000000000 -3.426261902 29.363115311 0.542655945 -0.163296878 -0.692292333 0.677883387 0.185848236
1670447168747091968.000000000 -3.445877075 29.242057800 0.544912338 -0.134826124 -0.699352145 0.683525383 0.159754708
1670447168880288512.000000000 -3.454406738 29.073602676 0.549592972 -0.099063635 -0.708607078 0.687658310 0.123241305
1670447168913588480.000000000 -3.455988884 29.028184891 0.551877975 -0.090125084 -0.709163368 0.690068007 0.113008574
1670447168980188160.000000000 -3.453145027 28.935049057 0.556764603 -0.072365642 -0.709317863 0.694994807 0.092810206
1670447169046788864.000000000 -3.444035530 28.836572647 0.560794830 -0.053169359 -0.710827529 0.697393596 0.074428134
1670447169179991808.000000000 -3.417709351 28.627958298 0.560914993 -0.013878451 -0.715849638 0.697072983 0.038157560
1670447169246594304.000000000 -3.403845787 28.526115417 0.570566177 0.006124156 -0.716755092 0.697057903 0.018300656
1670447169413103616.000000000 -3.348774910 28.269044876 0.595890045 0.054295864 -0.718045712 0.693187714 -0.030873485
1670447169513011968.000000000 -3.309241772 28.132507324 0.604166031 0.082321331 -0.712800741 0.693867326 -0.060715731
1670447169579618304.000000000 -3.273958445 28.044818878 0.601327896 0.103614628 -0.712113678 0.690007806 -0.077764705
1670447169679601408.000000000 -3.218001842 27.923789978 0.601026535 0.132855579 -0.707343519 0.686025143 -0.106696732
1670447169813274624.000000000 -3.127096176 27.773101807 0.598516464 0.170410246 -0.699583769 0.678459525 -0.145724446
1670447169947111168.000000000 -3.015066147 27.636096954 0.592653275 0.210225150 -0.690601528 0.668351889 -0.179389611
1670447170147874304.000000000 -2.824563980 27.459695816 0.582893372 0.267029703 -0.673990965 0.647574246 -0.234688997
1670447170248260352.000000000 -2.718341827 27.391590118 0.579039574 0.295826018 -0.661454558 0.637230277 -0.262492716
1670447170382111744.000000000 -2.565599442 27.317277908 0.570420265 0.329947442 -0.646890342 0.620929480 -0.295151025
1670447170515967744.000000000 -2.407749176 27.262615204 0.563346386 0.363548487 -0.630822361 0.602189183 -0.327511579
1670447170616362496.000000000 -2.290443420 27.236171722 0.559849262 0.388590783 -0.617003858 0.586102366 -0.353252649
1670447170750177280.000000000 -2.136085510 27.224039078 0.559204280 0.421418726 -0.593163073 0.567416012 -0.385490447
1670447170950588160.000000000 -1.903717041 27.228893280 0.559052467 0.464471340 -0.558777332 0.534035802 -0.432249933
1670447171050890496.000000000 -1.779893875 27.245407104 0.556907654 0.487686753 -0.541324198 0.514269888 -0.452389598
1670447171251496192.000000000 -1.528751373 27.304798126 0.553884506 -0.528605163 0.499846786 -0.474617362 0.495447397
1670447171351799808.000000000 -1.398529053 27.347831726 0.550026894 -0.548054278 0.478268027 -0.451786458 0.516512513
1670447171552409856.000000000 -1.144853592 27.460859299 0.543071747 -0.585146964 0.429840714 -0.406112105 0.554899037
1670447171652716288.000000000 -1.025398254 27.530567169 0.538885117 -0.601638496 0.404864222 -0.381776422 0.573029578
1670447171853299456.000000000 -0.806066513 27.701541901 0.529590607 -0.631086588 0.352630436 -0.333008319 0.605381668
1670447172053627648.000000000 -0.620845795 27.904758453 0.517732620 -0.656493843 0.298264354 -0.281831890 0.632949412
1670447172220669184.000000000 -0.492439270 28.099739075 0.507284164 -0.678029299 0.252365828 -0.235952243 0.648779094
1670447172354300160.000000000 -0.412728310 28.258079529 0.502166748 -0.688794553 0.213905975 -0.199195728 0.663420916
1670447172521337088.000000000 -0.343392849 28.458566666 0.499240875 -0.697705448 0.166810364 -0.151885703 0.679935396
1670447172721775872.000000000 -0.310962200 28.716192245 0.493013382 -0.709452927 0.108115025 -0.099174447 0.689312816
1670447172855399168.000000000 -0.313318491 28.894311905 0.487346649 -0.715389311 0.067792967 -0.063218899 0.692550123
1670447172988955648.000000000 -0.329670191 29.065616608 0.484300613 -0.715370297 0.028997565 -0.025200866 0.697688580
1670447173190164224.000000000 -0.387486875 29.322044373 0.480838776 -0.716223419 -0.029733164 0.030667769 0.696562707
