1670447136203777280.000000000 0.001246872 0.022684708 0.000302671 -0.721441090 0.004080791 0.007118555 0.692427278
1670447136469210368.000000000 -0.010577869 0.280628353 0.002236933 -0.718440652 0.004603610 0.006712840 0.695540667
1670447136735829760.000000000 -0.022888744 0.542587817 0.000924766 -0.718067944 0.005271527 0.004801246 0.695936501
1670447137003431936.000000000 -0.031787071 0.807666898 0.000029504 -0.719916701 0.006373088 0.005193946 0.694011807
1670447137271053056.000000000 -0.041872106 1.067113757 -0.000079513 -0.717982352 0.008549583 0.005311290 0.695988536
1670447137538692352.000000000 -0.051947191 1.319328666 0.004353046 -0.713875175 0.008583743 0.003809795 0.700209975
1670447137804872960.000000000 -0.059669212 1.589353442 0.000510812 -0.719822586 0.009370866 0.003676250 0.694085062
1670447138070239232.000000000 -0.069693901 1.844713688 0.004191995 -0.715073407 0.011584885 0.003025974 0.698946834
1670447138335514880.000000000 -0.075879648 2.107632875 0.005871534 -0.715074718 0.014459185 0.004220166 0.698885798
1670447138600699392.000000000 -0.086462259 2.369125605 0.003244877 -0.716982365 0.014687323 0.001228104 0.696935594
1670447138734026496.000000000 -0.090196267 2.498972178 0.003686428 -0.718677461 0.015564190 0.000050721 0.695169389
1670447138901170176.000000000 -0.095210940 2.654437542 0.006202698 -0.714366913 0.015438105 -0.001734776 0.699598968
1670447139034887168.000000000 -0.095001161 2.785169363 0.005289793 -0.716566026 0.017385980 -0.002223451 0.697299063
1670447139202034944.000000000 -0.098177709 2.945499182 0.007196903 -0.714550912 0.018175172 -0.003791286 0.699337065
1670447139436047872.000000000 -0.098730914 3.172642708 0.008004904 -0.713877857 0.020432264 -0.002519769 0.699967504
1670447139536339968.000000000 -0.098742247 3.271081448 0.008498430 -0.713943660 0.021685421 -0.002282834 0.699863613
1670447139670065152.000000000 -0.097436726 3.402928591 0.007927418 -0.716049194 0.023385191 -0.001998533 0.697655261
1670447139837015040.000000000 -0.099174924 3.568780899 0.009339809 -0.716599822 0.023425763 -0.005457573 0.697069764
1670447140004041984.000000000 -0.099358797 3.729242802 0.014211416 -0.713715017 0.023666359 -0.006459747 0.700006485
1670447140137662464.000000000 -0.098154083 3.859193563 0.015101433 -0.712412655 0.025111921 -0.007792409 0.701268137
1670447140271281152.000000000 -0.096040584 3.991499662 0.016485691 -0.713050604 0.026387954 -0.007699674 0.700573564
1670447140371494656.000000000 -0.096974209 4.089858055 0.020065784 -0.711407542 0.026710019 -0.009280941 0.702210665
1670447140505111296.000000000 -0.103190094 4.228457451 0.022362709 -0.711663544 0.018115351 -0.000695808 0.702286601
1670447140638726400.000000000 -0.115371585 4.365588665 0.026208401 -0.709833145 0.005512930 0.009117596 0.704289317
1670447140738936320.000000000 -0.122666314 4.469741821 0.026262283 -0.711323678 0.002127157 0.011441172 0.702768326
1670447140872172544.000000000 -0.131946549 4.604254246 0.026540279 -0.713115990 0.001139082 0.011969027 0.700942993
1670447141004682240.000000000 -0.139620036 4.734071255 0.027750492 -0.713391423 0.001772642 0.012371065 0.700654328
1670447141137162752.000000000 -0.149061471 4.865194798 0.029174328 -0.714607716 0.001340115 0.010383061 0.699447155
1670447141236504064.000000000 -0.154042125 4.963630676 0.032156467 -0.714554608 0.001775407 0.011114187 0.699489236
1670447141633703424.000000000 -0.171762675 5.352611065 0.041203022 -0.710510254 0.005055977 0.012417600 0.703559220
1670447141799100928.000000000 -0.181347966 5.524192810 0.040985107 -0.714048028 0.004310540 0.011299689 0.699992359
1670447141997891840.000000000 -0.192701876 5.723659515 0.044184685 -0.714055419 0.005190555 0.010931301 0.699984610
1670447142196616960.000000000 -0.203114614 5.920232773 0.048494339 -0.713402629 0.005400300 0.009596894 0.700667858
1670447142428379648.000000000 -0.218309432 6.154190063 0.051862717 -0.714528203 0.003039786 0.005360379 0.699579597
1670447142593869568.000000000 -0.225896627 6.317606449 0.051824093 -0.714054942 0.003432606 0.005387461 0.700060606
1670447142759314176.000000000 -0.235513985 6.483981609 0.053002357 -0.716044247 0.003329737 0.003346530 0.698038995
1670447142959374592.000000000 -0.244240850 6.676626682 0.057955742 -0.711647809 0.003702450 0.003449265 0.702518165
1670447143093436672.000000000 -0.247695178 6.807416916 0.060725212 -0.710747063 0.004761797 0.005256226 0.703411937
1670447143227506944.000000000 -0.252490491 6.942396164 0.060804844 -0.713563323 0.005603163 0.005764880 0.700544715
1670447143395105024.000000000 -0.256914079 7.110296249 0.059194565 -0.718262315 0.008427501 0.006610883 0.695690095
1670447143529193728.000000000 -0.264188021 7.242372513 0.060194492 -0.718335390 0.007781462 0.005550428 0.695631385
1670447143696815872.000000000 -0.271093845 7.402825356 0.062673569 -0.716196299 0.006887053 0.005618740 0.697842300
1670447143864501248.000000000 -0.279797465 7.567927361 0.063292980 -0.716018677 0.006606774 0.003997182 0.698038459
1670447144063861760.000000000 -0.284878910 7.762887955 0.065350056 -0.714692295 0.008597677 0.004981064 0.699368536
1670447144229982464.000000000 -0.291978717 7.926070213 0.066305161 -0.715314150 0.008498510 0.004470180 0.698737144
1670447144362869760.000000000 -0.295535982 8.060932159 0.063552856 -0.718635559 0.009747065 0.006004081 0.695292711
1670447144562185216.000000000 -0.299869478 8.251567841 0.065728188 -0.716993392 0.013122682 0.003941337 0.696945310
1670447144794697216.000000000 -0.298914760 8.474391937 0.064545631 -0.716599286 0.023357864 -0.007833151 0.697049916
1670447144961470976.000000000 -0.293629050 8.633290291 0.063226700 -0.716691077 0.031274915 -0.014818928 0.696531594
1670447145129673984.000000000 -0.286780834 8.785326004 0.066459656 -0.712853372 0.038284831 -0.024915015 0.699823976
1670447145297930496.000000000 -0.271221727 8.944346428 0.065756798 -0.714696586 0.048628755 -0.032536015 0.696983159
1670447145499906048.000000000 -0.250125229 9.133935928 0.064501762 -0.714769900 0.057436656 -0.041735440 0.695746541
1670447145701956864.000000000 -0.220628381 9.321427345 0.062693596 -0.714444399 0.067446060 -0.049582798 0.694666743
1670447145937644544.000000000 -0.177924573 9.541516304 0.060740471 -0.714331865 0.080327794 -0.060638525 0.692532003
1670447146104239872.000000000 -0.146610379 9.701852798 0.059697151 -0.715169966 0.086252458 -0.066362649 0.690426290
1670447146237527296.000000000 -0.122465253 9.826682091 0.059741020 -0.712755501 0.087665558 -0.066781275 0.692700982
1670447146437476864.000000000 -0.085399628 10.020271301 0.058034897 -0.712731063 0.089492433 -0.067557678 0.692417145
1670447146670779392.000000000 -0.042103529 10.246213913 0.057522774 -0.711048961 0.090917073 -0.069522336 0.693765163
1670447146904140032.000000000 0.006343126 10.480511665 0.057530403 -0.713133574 0.093433708 -0.068911918 0.691347837
1670447147070509824.000000000 0.035341978 10.642702103 0.058458328 -0.711814642 0.094128475 -0.070497200 0.692452133
1670447147336698880.000000000 0.090558410 10.908328056 0.055961609 -0.714870274 0.096210524 -0.071133442 0.688944280
1670447147602883072.000000000 0.135473609 11.191241264 0.055691719 -0.715939224 0.089369901 -0.068948269 0.688977718
1670447147835790848.000000000 0.167419910 11.438149452 0.059762001 -0.714794397 0.079239622 -0.062649161 0.692000926
1670447147969042688.000000000 0.184025347 11.574172020 0.065422058 -0.711350143 0.075079270 -0.056348212 0.696540713
1670447148202701824.000000000 0.206661165 11.830131531 0.062375069 -0.715329468 0.065032683 -0.048430998 0.694067061
1670447148369636352.000000000 0.221743822 12.006856918 0.063198090 -0.714659631 0.059730977 -0.044445496 0.695498705
1670447148569993728.000000000 0.239663035 12.215274811 0.064935684 -0.715275347 0.056121148 -0.037766490 0.695561290
1670447148770392064.000000000 0.256540596 12.435391426 0.065336227 -0.716960788 0.052262817 -0.030614952 0.694477201
1670447148970760704.000000000 0.266469836 12.649573326 0.069755554 -0.717327178 0.048330486 -0.026022265 0.694570959
1670447149137936640.000000000 0.271130025 12.821462631 0.074580193 -0.713664949 0.043497954 -0.021966975 0.698790312
1670447149305259264.000000000 0.274164587 12.999652863 0.074513435 -0.714575589 0.037912201 -0.018781595 0.698277652
1670447149506058752.000000000 0.281212330 13.224633217 0.065797806 -0.722303092 0.034431424 -0.011000031 0.690631390
1670447149673400832.000000000 0.276610523 13.394145012 0.067975044 -0.717390358 0.029930269 -0.006224260 0.696000457
1670447149874224640.000000000 0.272383809 13.603366852 0.075770378 -0.714463770 0.024220273 -0.001544194 0.699251413
1670447150107816960.000000000 0.263361692 13.844646454 0.083331108 -0.711379051 0.018837305 0.003056458 0.702549458
1670447150273672960.000000000 0.260544360 14.019482613 0.082570076 -0.714126706 0.017929615 0.003790962 0.699776649
1670447150472652800.000000000 0.250286311 14.225387573 0.087138176 -0.714682043 0.015397637 0.002328036 0.699276209
1670447150671579904.000000000 0.243615896 14.430722237 0.089116096 -0.715709388 0.015430558 0.002153352 0.698224485
1670447150936733952.000000000 0.238192812 14.697093010 0.091055870 -0.714762688 0.014872870 0.000524468 0.699208736
1670447151102519296.000000000 0.228910014 14.866037369 0.092538834 -0.714801371 0.013823596 0.000146091 0.699190974
1670447151268370176.000000000 0.224760473 15.037915230 0.093974113 -0.716340005 0.014298438 0.000073835 0.697604895
1670447151798845184.000000000 0.210437223 15.575877190 0.096667290 -0.715620339 0.016443284 0.000611619 0.698295712
1670447152197827328.000000000 0.202904582 15.978470802 0.103336334 -0.713925600 0.018386057 0.000693328 0.699979842
1670447152465354240.000000000 0.196928591 16.255777359 0.103006363 -0.716130555 0.018274138 0.002593578 0.697722316
1670447152699449600.000000000 0.193760291 16.482744217 0.107908249 -0.712352157 0.019865604 0.001615023 0.701539159
1670447152866664448.000000000 0.188611463 16.652622223 0.108880997 -0.713434696 0.019119484 0.000515889 0.700460732
1670447153067328256.000000000 0.186386377 16.848628998 0.114389420 -0.711573601 0.020164514 -0.001095864 0.702321291
1670447153300566784.000000000 0.182132572 17.085809708 0.115589142 -0.712650895 0.020908063 -0.003835699 0.701196849
1670447153467011328.000000000 0.180591315 17.252655029 0.119028091 -0.713257432 0.021936353 -0.004301071 0.700545549
1670447153666746880.000000000 0.180351168 17.451448441 0.124135971 -0.711756527 0.023125764 -0.004918742 0.702028334
1670447153833194752.000000000 0.180496693 17.621072769 0.124156952 -0.713397145 0.024070777 -0.005779124 0.700322628
1670447154066222592.000000000 0.178521186 17.869369507 0.121862411 -0.717916727 0.024420552 -0.007064392 0.695664763
1670447154265465856.000000000 0.178407133 18.067695618 0.127143860 -0.715975642 0.024959870 -0.006858563 0.697645247
1670447154464458496.000000000 0.181563750 18.266973495 0.127971649 -0.715896666 0.026675059 -0.006375249 0.697667480
1670447154630245120.000000000 0.181016117 18.437946320 0.127410889 -0.716178775 0.025766514 -0.007651311 0.697399199
1670447154862282240.000000000 0.178781778 18.675935745 0.127866745 -0.716981828 0.024866058 -0.009221212 0.696587205
1670447155127490304.000000000 0.180549085 18.944065094 0.130084991 -0.716168404 0.025241183 -0.011062700 0.697383225
1670447155294051840.000000000 0.183272049 19.108745575 0.133029938 -0.715589941 0.025868166 -0.010549420 0.697961807
1670447155527247360.000000000 0.185437635 19.346307755 0.130527496 -0.716591179 0.026225401 -0.010991420 0.696913540
1670447155760456448.000000000 0.187035635 19.590770721 0.128515244 -0.721172750 0.026399573 -0.011993659 0.692148268
1670447155927040512.000000000 0.188095257 19.755954742 0.132453918 -0.718273759 0.026695635 -0.012897780 0.695128620
1670447156193913344.000000000 0.194509163 20.026105881 0.131675720 -0.716294169 0.028598944 -0.012222888 0.697105050
1670447156463759360.000000000 0.194840491 20.302185059 0.130588531 -0.720334470 0.024086569 -0.008491644 0.693156600
1670447156733788928.000000000 0.190864921 20.564138412 0.133365631 -0.714846134 0.022246188 -0.009392723 0.698864758
1670447156902651136.000000000 0.191002309 20.731101990 0.130331039 -0.715223849 0.027256696 -0.017611310 0.698141634
1670447157173049088.000000000 0.206611931 21.005340576 0.131172180 -0.717827201 0.035267875 -0.030059243 0.694677472
1670447157372161024.000000000 0.212441683 21.215749741 0.127006531 -0.720808387 0.030593762 -0.023395168 0.692063570
1670447157538048768.000000000 0.214355260 21.389226913 0.129489899 -0.719820201 0.024227835 -0.015416909 0.693566322
1670447157836560896.000000000 0.202785477 21.720748901 0.131809235 -0.715267897 0.011115734 0.000240125 0.698762000
1670447158068658688.000000000 0.189241052 21.971328735 0.132581711 -0.716803372 0.003487796 0.015336336 0.697097957
1670447158300851712.000000000 0.166816950 22.222650528 0.130737305 -0.718443334 -0.003000400 0.024750287 0.695138633
1670447158533103104.000000000 0.145949304 22.459203720 0.137939453 -0.713630915 -0.004025727 0.026204320 0.700020134
1670447158732122368.000000000 0.134811699 22.660245895 0.143096924 -0.711299598 0.000839862 0.024083324 0.702475727
1670447158931090944.000000000 0.121550977 22.863744736 0.145084381 -0.713885844 0.003341060 0.019432500 0.699984550
1670447159229932544.000000000 0.095919847 23.166168213 0.148111343 -0.714446068 0.000992112 0.015328865 0.699521959
1670447159497160704.000000000 0.079902261 23.436731339 0.152294159 -0.714679778 0.002825666 0.014807050 0.699289382
1670447159697636608.000000000 0.067191154 23.638010025 0.157295227 -0.711621404 0.002079069 0.013798195 0.702424705
1670447159931585024.000000000 0.059615791 23.878265381 0.156370163 -0.717576921 0.005482988 0.014822809 0.696299911
1670447160265859328.000000000 0.034328341 24.206382751 0.160032272 -0.715534866 0.001850781 0.010608068 0.698494017
1670447160500281344.000000000 0.021225750 24.445966721 0.158817291 -0.717364848 0.002709971 0.011076221 0.696604371
1670447160734729728.000000000 0.012030661 24.671041489 0.160699844 -0.713318586 0.005773128 0.011138360 0.700727642
1670447160902211072.000000000 0.000184834 24.843406677 0.156078339 -0.718455970 0.004583267 0.009407907 0.695493758
1670447161136707328.000000000 -0.005446047 25.074625015 0.152713776 -0.720589042 0.006452924 0.011730524 0.693233132
1670447161370936320.000000000 -0.018925160 25.296062469 0.155149460 -0.716232657 0.006499002 0.010258235 0.697755992
1670447161573087488.000000000 -0.028856337 25.491228104 0.154699326 -0.715265870 0.005735956 0.008721410 0.698774517
1670447161809071616.000000000 -0.031785898 25.716999054 0.155485153 -0.715261638 0.011550545 0.003727521 0.698751450
1670447161977725952.000000000 -0.030220263 25.874790192 0.157100677 -0.714621007 0.015310733 -0.000518154 0.699344039
1670447162180213504.000000000 -0.022770464 26.059768677 0.158351898 -0.713942051 0.025001580 -0.010683591 0.699676752
1670447162382277120.000000000 0.005208611 26.230510712 0.163043976 -0.711179316 0.052686110 -0.034275182 0.700195312
1670447162583035392.000000000 0.045288563 26.400684357 0.164382935 -0.711427212 0.080359116 -0.058964409 0.695655823
1670447162783933696.000000000 0.091181755 26.578502655 0.163311005 -0.712612867 0.093305528 -0.069890648 0.691803634
1670447162984849664.000000000 0.131710529 26.762254715 0.163047791 -0.710784614 0.096081443 -0.072372183 0.693048298
1670447163185783552.000000000 0.172157288 26.951147079 0.164022446 -0.709488630 0.097195841 -0.074187011 0.694028258
1670447163353241600.000000000 0.205744982 27.117956161 0.160570145 -0.712577939 0.096709341 -0.075851351 0.690743506
1670447163620770048.000000000 0.262570143 27.376993179 0.161031723 -0.711897671 0.097622514 -0.077145696 0.691173077
1670447163788044032.000000000 0.298312187 27.541131973 0.161907196 -0.711449564 0.099239558 -0.077216431 0.691396177
1670447164022237952.000000000 0.347136974 27.781913757 0.159391403 -0.712551594 0.096404947 -0.075208344 0.690883577
1670447164222986496.000000000 0.379086971 27.998758316 0.153932571 -0.716429293 0.084046192 -0.063205071 0.689688683
1670447164423745280.000000000 0.389217794 28.228528976 0.146799088 -0.720903516 0.057303943 -0.030655606 0.689981580
1670447164590611200.000000000 0.363317758 28.428857803 0.145492554 -0.715347886 0.022268726 -0.002353363 0.698409677
1670447164822610688.000000000 0.304787636 28.739940643 0.146976471 -0.717370987 -0.028701190 0.043160565 0.694760621
1670447165021402624.000000000 0.242912531 29.018667221 0.161111832 -0.713957489 -0.071021043 0.081953771 0.691740036
1670447165253251584.000000000 0.130957603 29.305244446 0.179904938 -0.700336456 -0.122239664 0.139224127 0.689349711
1670447165451913472.000000000 0.008578300 29.526197433 0.186344147 -0.692883849 -0.165032282 0.178827524 0.678746760
1670447165584713728.000000000 -0.091266632 29.662349701 0.180183411 -0.688568473 -0.193946972 0.205382183 0.667889476
1670447165752272128.000000000 -0.220577240 29.805450439 0.180685043 -0.672244251 -0.229409382 0.242441371 0.660818577
1670447165953795072.000000000 -0.393909454 29.961654663 0.191347122 -0.656135201 -0.270296901 0.281894028 0.645726025
1670447166188990976.000000000 -0.627292633 30.105243683 0.201482773 -0.632814825 -0.318238854 0.326156408 0.626012444
1670447166390661120.000000000 -0.829200745 30.201850891 0.204507828 -0.611583531 -0.357655048 0.364923358 0.604052544
1670447166491520768.000000000 -0.937520981 30.238622665 0.202732086 -0.598756492 -0.378559381 0.382432073 0.593236208
1670447166659475968.000000000 -1.112970352 30.273036957 0.212913513 -0.578328133 -0.410549313 0.409271181 0.574006021
1670447166758917632.000000000 -1.223545074 30.287815094 0.212623596 -0.563765883 -0.426960588 0.427360952 0.563236475
1670447166825203968.000000000 -1.297857285 30.291885376 0.214532852 -0.554755211 -0.439990997 0.437656432 0.554176390
1670447166990891264.000000000 -1.473411560 30.295017242 0.227485657 -0.528707385 -0.468909502 0.465321898 0.532980263
1670447167123410688.000000000 -1.616575241 30.283409119 0.229494095 -0.507027626 -0.491873920 0.487011880 0.513616979
1670447167189660416.000000000 -1.689100266 30.274234772 0.230657578 -0.495381474 -0.503872633 0.496937633 0.503748477
1670447167255903232.000000000 -1.757144928 30.264331818 0.230905533 -0.483542234 -0.512317240 0.510165989 0.493405104
1670447167355255040.000000000 -1.856950760 30.240615845 0.235383987 -0.466660380 -0.527494431 0.524975896 0.477889061
1670447167487701248.000000000 -1.995920181 30.203678131 0.241506577 -0.442600340 -0.545994699 0.545342982 0.456722736
1670447167553914368.000000000 -2.069366455 30.179244995 0.241017342 -0.430461049 -0.558161139 0.553067327 0.444157541
1670447167587018752.000000000 -2.104518890 30.165706635 0.240890503 -0.424086660 -0.563785791 0.556888342 0.438373774
1670447167686397696.000000000 -2.206348419 30.115308762 0.238275528 -0.409041882 -0.578306377 0.569196224 0.417447180
1670447167785846016.000000000 -2.301986694 30.066003799 0.239816666 -0.389756233 -0.593328476 0.581088841 0.397978783
1670447167818991360.000000000 -2.332435608 30.047317505 0.241000175 -0.383133352 -0.598202825 0.584528446 0.392031610
1670447167951558656.000000000 -2.445083618 29.968725204 0.241813153 -0.356988937 -0.612822950 0.601906657 0.367035955
1670447168017832448.000000000 -2.499732971 29.924560547 0.243713975 -0.343996853 -0.620766640 0.608220935 0.355502844
1670447168084099584.000000000 -2.551784515 29.876695633 0.245244026 -0.331320584 -0.629640520 0.613715410 0.342247009
1670447168117231104.000000000 -2.577648163 29.854045868 0.246050119 -0.324334711 -0.632919550 0.618134022 0.334858477
1670447168183488512.000000000 -2.624771118 29.805879593 0.247902393 -0.309469879 -0.639395535 0.625587344 0.322555840
1670447168249739264.000000000 -2.666721344 29.757093430 0.251294613 -0.291667610 -0.645428658 0.634905636 0.308620632
1670447168349102336.000000000 -2.726877213 29.673604965 0.255062103 -0.269651920 -0.655285954 0.643622458 0.289202899
1670447168415336448.000000000 -2.763277054 29.613328934 0.257027626 -0.252832562 -0.661801457 0.650784552 0.273082644
1670447168481564160.000000000 -2.798982620 29.550470352 0.256497383 -0.235172898 -0.667821825 0.657805383 0.256904364
1670447168580893440.000000000 -2.844266891 29.448917389 0.256990433 -0.207042933 -0.679755807 0.664412379 0.231563166
1670447168647197184.000000000 -2.873458862 29.376121521 0.258480072 -0.190118521 -0.685411930 0.670136213 0.212091967
1670447168747091968.000000000 -2.902433395 29.256954193 0.260736465 -0.161944091 -0.693574548 0.676789463 0.186237782
1670447168880288512.000000000 -2.924045563 29.089673996 0.265415192 -0.126568913 -0.704214394 0.682340443 0.149912879
1670447168913588480.000000000 -2.929113388 29.044513702 0.267684937 -0.117660955 -0.705117881 0.685146213 0.139783800
1670447168980188160.000000000 -2.933370590 28.951408386 0.272493362 -0.099928081 -0.705962479 0.690854192 0.119799465
1670447169046788864.000000000 -2.931907654 28.852516174 0.276504517 -0.080807239 -0.708218157 0.693966627 0.101526797
1670447169179991808.000000000 -2.921900749 28.642482758 0.276626587 -0.041741673 -0.714766383 0.695058584 0.065271251
1670447169246594304.000000000 -2.916005611 28.539869308 0.286275864 -0.021789493 -0.716450036 0.695816696 0.045428813
1670447169413103616.000000000 -2.881110668 28.279289246 0.311595917 0.026295440 -0.719615400 0.693864107 -0.003858746
1670447169513011968.000000000 -2.852263451 28.140081406 0.319841385 0.054500848 -0.715465844 0.695705414 -0.033648953
1670447169579618304.000000000 -2.823773623 28.049888611 0.316934586 0.075797856 -0.715609252 0.692513227 -0.050828606
1670447169679601408.000000000 -2.777267933 27.924840927 0.316556931 0.105195291 -0.711982727 0.689661264 -0.079886913
1670447169813274624.000000000 -2.698375702 27.767536163 0.314048767 0.143023804 -0.705692053 0.683622122 -0.119179793
1670447169947111168.000000000 -2.597328186 27.622213364 0.308172226 0.183156952 -0.698268354 0.674834073 -0.153211743
1670447170147874304.000000000 -2.420963287 27.431461334 0.298318863 0.240556628 -0.683886886 0.656229556 -0.209270149
1670447170248260352.000000000 -2.320203781 27.355243683 0.294378281 0.269811839 -0.672485471 0.646979988 -0.237448379
1670447170382111744.000000000 -2.173273087 27.269165039 0.285545349 0.304455251 -0.659271955 0.631973147 -0.270698249
1670447170515967744.000000000 -2.019800186 27.202285767 0.278291702 0.338641405 -0.644535899 0.614517331 -0.303749919
1670447170616362496.000000000 -1.904909134 27.166767120 0.274793625 0.364204109 -0.631705642 0.599447966 -0.330099463
1670447170750177280.000000000 -1.751878738 27.142595291 0.274106264 0.397934169 -0.609167218 0.582036734 -0.363038659
1670447170950588160.000000000 -1.519510269 27.129217148 0.273792028 0.442283958 -0.576498628 0.550516963 -0.411053807
1670447171050890496.000000000 -1.394645691 27.135972977 0.271586895 0.466158658 -0.559969962 0.531556785 -0.431945771
1670447171251496192.000000000 -1.139137268 27.175457001 0.268328667 0.508649766 -0.520139992 0.493633032 -0.476504177
1670447171351799808.000000000 -1.005943298 27.208168030 0.264469147 -0.528928041 0.499338508 -0.471643537 0.498446137
1670447171552409856.000000000 -0.743652344 27.300867081 0.257259369 -0.567870080 0.452419579 -0.427524984 0.538574457
1670447171652716288.000000000 -0.618122101 27.360782623 0.252616882 -0.585299432 0.428145409 -0.403953522 0.557617903
1670447171853299456.000000000 -0.383951187 27.513618469 0.242353439 -0.616722465 0.377189636 -0.356571317 0.591809392
1670447172053627648.000000000 -0.182254791 27.701417923 0.230022430 -0.644227505 0.323908567 -0.306560904 0.621349096
1670447172220669184.000000000 -0.037125587 27.885330200 0.218784332 -0.667524517 0.278968304 -0.261411428 0.638945937
1670447172354300160.000000000 0.056080818 28.036655426 0.213096619 -0.679782510 0.241017655 -0.225314051 0.655011415
1670447172521337088.000000000 0.141774178 28.230899811 0.209863663 -0.690543175 0.194341794 -0.178724349 0.673378885
1670447172721775872.000000000 0.195750237 28.484939575 0.203090668 -0.704598248 0.136211798 -0.126478255 0.684829235
1670447172855399168.000000000 0.207561016 28.662679672 0.197425842 -0.712131619 0.096157447 -0.090679742 0.689492226
1670447172988955648.000000000 0.205412626 28.834665298 0.194139481 -0.713651896 0.057415411 -0.052918751 0.696135163
1670447173190164224.000000000 -0.395001531 29.322206497 0.484375000 -0.716208816 -0.030081205 0.031006260 0.696547687
